524409 524408 524407 524406 - 0.0019 - 0.0005
797092 797091 797090 797089 797088 - 0.0044 - 0.0011
266133 266134 266135 - 0.0001 - 0.0
333693 333694 333695 333696 333697 333698 333699 333700 333701 333702 333703 - 0.0038 - 0.001
622884 622885 622886 622887 - 0.0001 - 0.0001
190075 190076 190077 170808 170809 170810 170811 170812 170813 170814 170815 - 0.0039 - 0.0007
426734 426733 430074 - 0.0022 - 0.0005
24089 24090 24091 24092 24093 24094 891094 1245 1246 1247 1248 1249 - 0.0182 - 0.0042
559914 559915 559916 559917 559918 - 0.0003 - 0.0002
38906 38033 38034 38035 38036 38037 38082 38083 38084 38085 38086 38087 38088 38089 - 0.0285 - 0.0131
661604 661603 661602 661601 - 0.0024 - 0.0019
867659 867660 867661 867509 867958 867635 867636 867637 867638 867639 867640 - 0.0084 - 0.0039
382179 382178 359302 359301 359300 359299 - 0.01 - 0.0024
525142 525157 525158 - 0.0002 - 0.0002
792542 792543 792544 633079 792441 792442 - 0.0061 - 0.0012
236499 236498 236497 236496 229677 236495 261408 261409 261410 - 0.0102 - 0.0022
733559 733558 733557 733556 - 0.0013 - 0.0004
760431 760432 760433 760434 760435 760436 760437 - 0.0016 - 0.0006
496076 495432 495433 495434 495435 - 0.0022 - 0.0006
701133 701132 701148 701147 - 0.0001 - 0.0001
628517 628516 628515 628514 628471 628513 628462 628463 628464 628465 628470 - 0.0147 - 0.0019
270985 267162 230112 270986 270987 270988 - 0.0039 - 0.0011
838497 838496 838495 838494 838493 838492 838491 838490 - 0.0052 - 0.0032
557475 557476 557477 557478 557479 557480 557481 557482 557473 557446 557447 557448 557449 - 0.0034 - 0.0009
647671 647672 587056 - 0.004 - 0.0029
153635 153634 153633 153632 153631 153630 153629 153628 - 0.0011 - 0.0003
260884 260885 - 0.0006 - 0.0002
767235 767360 767359 767358 767357 767356 767355 - 0.0083 - 0.0022
719938 719937 719936 719894 12106 12107 12108 12109 12110 12111 12112 12113 - 0.0148 - 0.0064
261656 244900 - 0.0014 - 0.0004
244905 244906 244907 244908 261675 261674 261673 261672 261671 261670 261669 261668 261667 261666 261665 261664 261663 261662 - 0.0033 - 0.0007
671719 671720 671721 671722 - 0.003 - 0.0008
32573 32572 32571 32570 32569 - 0.0026 - 0.0025
148219 148218 148217 148216 148215 - 0.0001 - 0.0
370722 370721 370720 370719 370718 370717 - 0.0079 - 0.0019
345117 345116 345115 345114 345113 345112 345111 345110 345109 345108 345107 - 0.0008 - 0.0006
636391 636390 636389 636388 636387 636386 636385 636384 - 0.0045 - 0.0011
794456 794455 794454 - 0.0021 - 0.0006
918452 918451 918450 - 0.0046 - 0.0013
850930 850931 850932 850933 13365 13364 653543 653544 653545 653546 653547 653548 653549 653550 - 0.01 - 0.0034
68471 68472 68473 68474 68475 68476 68477 - 0.0008 - 0.0002
5695 5694 19306 34445 34446 34447 34454 34455 19433 - 0.0082 - 0.0019
80832 80802 80831 80830 80829 80828 80817 - 0.0003 - 0.0002
224693 224692 - 0.0006 - 0.0002
120893 120892 137368 137367 - 0.0104 - 0.002
483595 483596 483597 483598 483599 - 0.0037 - 0.0009
569461 569462 569463 569464 569465 - 0.0031 - 0.0008
154302 154301 154300 145748 145749 - 0.0005 - 0.0002
292240 292239 - 0.0002 - 0.0001
416079 412692 416078 416126 413549 416127 418015 418014 418013 411828 418012 418011 418010 418009 417647 418008 418007 - 0.0147 - 0.0045
655665 655666 655667 655668 655669 655670 655671 655672 655673 - 0.0176 - 0.0043
760116 760117 30283 30284 30285 30286 30287 692178 692179 692186 692187 692188 692189 692190 30908 5414 30909 5420 30910 30911 31789 31790 - 0.0118 - 0.0061
664696 664695 664694 664693 664692 664691 664690 - 0.0003 - 0.0002
79650 79651 79652 79653 79654 79655 79656 79657 79658 79659 79660 79661 79662 79663 79664 79665 79666 79667 79668 79669 79670 79671 79672 79673 79674 23584 79675 79676 79677 79678 79679 79680 79681 79682 465655 465656 465657 - 0.0126 - 0.006
826216 541836 826217 826218 826219 826187 826186 826185 826184 - 0.0015 - 0.0005
284318 284317 284316 284315 284314 284313 284312 284311 284310 284309 284308 284307 284306 284305 272959 - 0.002 - 0.0015
244887 244888 244889 244890 244891 244892 - 0.0007 - 0.0002
533581 533580 533579 - 0.006 - 0.0043
485934 487864 487865 489058 486456 486457 486458 486459 486460 486461 486462 486463 - 0.0168 - 0.0034
942950 942951 942952 942953 942954 942955 472625 472624 472748 472749 472750 472751 942959 942944 942945 604173 604168 604169 604170 580626 604171 604172 533591 533590 - 0.0159 - 0.0031
578400 578399 578398 578397 578396 - 0.0044 - 0.0012
293782 293783 233210 293784 210435 210434 - 0.0052 - 0.0011
709221 709222 709223 709224 709204 709203 709202 709201 - 0.0155 - 0.0031
587490 587489 587488 931586 931585 931584 931583 931582 582135 931581 931580 931579 582048 931578 931577 931576 582117 582110 - 0.0113 - 0.0053
379244 379245 - 0.0001 - 0.0
49941 49942 49943 49944 49945 49946 49947 49948 49949 49950 49921 705498 926772 926773 926774 926775 926776 870022 593302 921858 926777 926778 926779 43226 43227 - 0.0113 - 0.0061
854618 854617 854616 854615 854614 854613 854612 854611 914301 - 0.0104 - 0.0026
591520 591519 591518 591517 - 0.0001 - 0.0001
703136 701564 703137 703138 703139 703140 703141 703142 703143 703144 703145 703146 703147 703148 701553 701552 810951 810952 - 0.0058 - 0.0017
500845 500846 505373 502384 503624 503623 - 0.0086 - 0.0022
59915 59916 59917 59918 59919 17734 59920 542771 542772 66320 66317 56265 - 0.012 - 0.0026
568940 568937 568936 740749 740748 740876 740877 740878 740879 740880 740881 740882 - 0.0061 - 0.0017
483235 483007 483344 480952 480951 - 0.014 - 0.003
136565 136566 150386 150387 - 0.0015 - 0.0003
90424 90423 90422 90421 - 0.0037 - 0.001
6688 6689 6690 6691 6692 - 0.0054 - 0.0013
365385 365328 365384 365383 365352 365351 - 0.0174 - 0.0042
798057 70651 798058 798059 798060 798061 798062 798063 798064 798065 938458 938459 938460 798022 798023 798024 798025 71151 798026 798027 798028 70654 798029 798030 798031 798032 71135 - 0.0026 - 0.0017
342934 342933 342932 - 0.0022 - 0.0006
770247 770291 770290 770213 770289 - 0.0167 - 0.0045
390071 390070 390069 390068 390067 390066 - 0.0004 - 0.0003
527064 527063 527062 - 0.0048 - 0.0038
134847 134846 134845 134844 134843 - 0.0016 - 0.0012
355661 355660 355659 355658 355657 - 0.0015 - 0.0004
144551 136349 147494 147493 147492 117554 117553 117552 117551 117550 117549 - 0.008 - 0.0019
124182 124181 124180 124179 124178 - 0.003 - 0.0008
798310 798311 798312 798313 897166 897167 798122 - 0.0069 - 0.0027
338144 338143 338142 338141 338140 338139 338138 338137 - 0.0044 - 0.0012
51177 51178 51179 51180 51181 51182 51183 51184 51185 51186 51187 51188 51189 51190 20025 - 0.0148 - 0.0146
311104 260341 311105 311106 311107 217846 217847 217848 217849 217850 217851 301730 228102 - 0.012 - 0.003
642371 642233 642232 - 0.0052 - 0.0021
472140 96107 96108 96109 96110 573907 - 0.0307 - 0.0107
891637 891608 891609 525200 525201 926707 10212 54735 54736 - 0.0129 - 0.0045
399496 389682 389683 389684 - 0.0005 - 0.0001
561465 561464 561463 - 0.0019 - 0.0005
928619 928175 928618 928617 - 0.0022 - 0.0006
635941 635940 635939 635938 - 0.0036 - 0.001
724780 724779 724778 724777 724776 724734 724735 724736 724737 724829 724840 756524 58578 58577 58576 58575 - 0.0118 - 0.0058
511952 511953 511954 511955 511941 511940 516076 - 0.0038 - 0.0013
186902 186901 186900 186899 186898 186897 - 0.0014 - 0.0004
